2.97676315e+05  1.60527145e+02
-5.31520686e+05  -2.62723155e+02
-1.44355685e+05  3.45542906e+01
-2.63705687e+05  -3.04114165e+02
-1.75355687e+05  -5.61511416e+02
-3.84095685e+05  1.40108482e+01
-5.45025687e+05  -5.13697717e+02
-5.41042689e+05  -1.04824112e+03
 2.54778431e+06  1.02707002e+02
-5.39050685e+05  1.27622184e+02
-3.34148685e+05  1.38482827e+02
-4.22111685e+05  1.64287615e+01
-5.12663686e+05  -2.02406596e+02
-5.51513686e+05  -5.92258626e+01
 1.34717631e+06  -2.12593742e+02
-6.10958686e+05  -2.63845890e+02
-1.15639685e+05  1.35027683e+02
-2.50275685e+05  1.58220649e+02
-2.94991685e+05  8.50810931e+01
-1.92139685e+05  1.67275052e+02
-2.61651684e+05  4.44138912e+02
-2.48426685e+05  2.17004419e+02
-4.02980686e+05  -1.80175609e+02
7.62228031e+06  -4.08785378e+02
7.99363148e+04  8.12796942e+01
-5.30454685e+05  1.81493268e+02
-4.48067685e+05  7.69260798e+01
-4.92711685e+05  9.43062775e+01
-1.91123685e+05  1.78801643e+02
-5.52544686e+05  -1.75172419e+02
-5.18756686e+05  -2.13046095e+02
-3.73411685e+05  1.18534913e+02
1.44677632e+06  1.53011162e+02
-5.34172683e+05  6.58095761e+02
-5.40928685e+05  1.03358504e+02
-3.78805686e+05  -2.17546941e+02
-4.33332685e+05  6.92965098e+01
-5.39637688e+05  -8.84505839e+02
-4.28885685e+05  2.48231554e+02
1.19142431e+06  1.06000269e+02
-5.44486686e+05  -6.65995317e+01
-3.54719685e+05  2.37862024e+02
-5.21493685e+05  1.53331191e+01
-5.82215686e+05  -2.72472601e+02
-8.74536851e+04  1.08312848e+02
-5.34249687e+05  -3.25473971e+02
-2.72056685e+05  1.30313921e+02
-2.87152685e+05  1.53944719e+02
-5.20374685e+05  1.63049352e+02
-3.49176685e+05  1.81213380e+02
-3.95211685e+05  1.03558257e+02
-5.75968685e+05  1.78463801e+01
-5.48339685e+05  1.74653443e+02
1.44212563e+07  -2.42394950e+01
2.03621631e+06  -2.83190859e+00
1.70766314e+05  -4.49158967e+01
-5.03742678e+05  2.13749339e+03
-4.77065686e+05  -2.77426352e+02
-5.53187683e+05  7.58999740e+02
-5.29363685e+05  2.74149590e+02
-4.05291686e+05  -8.79978298e+01
3.68204315e+05  1.70869875e+02
-4.59535688e+05  -8.38405337e+02
-5.04586688e+05  -6.68153768e+02
-5.60675685e+05  1.31604937e+02
-4.12234685e+05  1.08075534e+02
-4.14110685e+05  7.19184003e+00
-5.44991681e+05  1.45780217e+03
3.90943149e+04  1.23797109e+02
-2.30581685e+05  1.13974402e+02
-1.12633686e+05  -1.90652434e+02
-2.22264685e+05  1.41286408e+02
-4.55900685e+05  1.47362434e+02
7.03736315e+05  8.85510139e+01
-2.99245685e+05  1.31435391e+02
-1.79651685e+05  1.27603045e+02
-5.41928685e+05  9.73718818e+01
6.65483149e+04  1.18994742e+02
-4.76075687e+05  -3.64109689e+02
-5.12235684e+05  4.39971964e+02
-4.45545685e+05  1.56697603e+02
-1.72961685e+05  1.30950542e+02
2.70128831e+06  9.51105530e+01
-5.34244686e+05  -3.79239930e+01
-4.46232690e+05  -1.37986009e+03
2.90949632e+06  1.51490072e+02
-5.00255688e+05  -6.95708340e+02
-3.87953685e+05  1.29238378e+01
-1.83939687e+05  -4.26092535e+02
1.05339231e+06  1.06594650e+02
-5.68319688e+05  -6.00149349e+02
-5.16701685e+05  1.96866973e+02
-5.36097685e+05  2.15802243e+02
-3.62723686e+05  -2.95501043e+02
-5.79969688e+05  -6.65880152e+02
-5.44453685e+05  1.04190359e+02
9.60231381e+03  -2.11303678e+02
-2.70025685e+05  1.70377089e+02
-4.08720685e+05  1.45143710e+02
-5.42870689e+05  -9.61084962e+02
-5.52309688e+05  -6.94413209e+02
-2.89641685e+05  1.65743081e+02
-7.62487686e+05  -4.76610410e+00
-5.07915684e+05  4.38147431e+02
5.10708315e+05  5.82804296e+01
-5.55027685e+05  7.69159414e+01
-5.36474684e+05  3.36083504e+02
-5.23916687e+05  -4.45748743e+02
-1.25627685e+05  5.10912811e+01
-3.93681685e+05  1.76363115e+02
-4.48793686e+05  -8.72714762e+01
1.83384315e+05  2.05941656e+02
4.93358315e+05  1.11928817e+02
-3.83103685e+05  2.03727519e+02
1.67860315e+05  1.07983902e+02
2.13392832e+06  3.70829348e+02
-5.35740688e+05  -6.77598955e+02
3.03432315e+05  4.66177749e+01
-3.03407685e+05  1.20439420e+02
-4.78998685e+05  2.42070176e+02
-5.12551687e+05  -3.60596974e+02
-5.93023684e+05  5.31853756e+02
-5.40876686e+05  -1.93071683e+02
-5.08037686e+05  -5.53621522e+01
