-5.35477222e+06  8.38412797e+03
-2.74430163e+07  4.03001676e+03
-5.14234326e+06  4.85729816e+03
-2.12742242e+07  6.98914899e+03
-6.64866929e+06  1.49508703e+03
-1.77184194e+07  -1.53332281e+04
-2.85385935e+07  -2.20668418e+04
-2.92079494e+07  -1.30361236e+04
7.75859408e+07  7.14002975e+03
-2.80831104e+07  -1.62600749e+04
-2.32186502e+07  8.41862024e+03
-2.33845262e+07  7.49275173e+03
-2.79393653e+07  2.28566970e+03
-2.86066023e+07  -3.55753368e+03
1.07104385e+08  -1.57992506e+01
-2.98042003e+07  6.19277729e+01
-1.94701582e+07  8.06723538e+03
-2.35213522e+07  8.68100558e+03
-2.00021832e+07  7.20624282e+03
-1.67008372e+07  7.86825680e+03
-1.04600864e+07  -1.63358943e+04
-2.19119472e+07  8.31365660e+03
-1.96280723e+07  -9.35932853e+02
7.39567517e+08  -4.17289424e+03
3.08458873e+06  3.47337798e+03
-2.92283312e+07  8.91188572e+03
-2.67455802e+07  7.24304112e+03
-2.65120633e+07  1.40736508e+03
-1.43536852e+07  8.57334919e+03
-2.91769623e+07  -2.70785777e+03
-2.42514663e+07  5.03314886e+03
-1.54919972e+07  7.87104755e+03
2.29638238e+07  8.75696966e+03
-2.86275724e+07  -1.67952388e+04
-2.93640262e+07  9.37766077e+03
-1.93391183e+07  4.86904182e+03
-2.47413002e+07  5.82406520e+03
-2.94604004e+07  -5.77129067e+03
-2.62004792e+07  8.59988018e+03
2.79340048e+07  7.94370371e+03
-2.86112265e+07  -1.82151421e+04
-1.06842394e+07  -1.44783992e+04
-2.87427533e+07  -6.63922763e+01
-1.63150115e+07  -1.74523122e+04
-1.19085702e+07  8.27730687e+03
-2.67322614e+07  -1.61388158e+04
-2.00134102e+07  5.95306248e+03
-2.22218222e+07  8.34672798e+03
-2.88831812e+07  8.67025387e+03
-2.42524142e+07  9.38922771e+03
-2.36435392e+07  7.35867426e+03
-2.93007603e+07  -4.08492771e+03
2.96499125e+07  -2.14633616e+04
7.30559645e+08  1.14314519e+02
1.15800325e+08  4.61410063e+03
-6.88747822e+06  8.74517249e+03
-2.86118675e+07  -2.46226563e+04
-2.47982844e+07  -1.27694240e+04
-1.90813554e+07  -1.42764903e+04
-2.84127463e+07  4.29989924e+03
-2.41941703e+07  5.23561526e+03
4.31144773e+05  8.08394355e+03
-2.73640727e+07  7.15409609e+04
-2.72424543e+07  1.62464925e+03
-2.85431562e+07  7.60834688e+03
-2.73194232e+07  8.92589786e+03
-2.46246873e+07  -1.00226163e+03
-2.96200948e+07  -5.25922237e+04
-1.47411822e+07  9.04462349e+03
-1.90274402e+07  8.29975469e+03
-1.11310863e+07  -2.33926118e+03
-2.12105272e+07  8.10887729e+03
-2.74574882e+07  7.71647343e+03
5.08504887e+07  -5.46650429e+02
-1.59513272e+07  8.33718410e+03
-1.46358323e+06  7.85119785e+03
-2.82193432e+07  6.21498600e+03
-9.37527623e+06  8.02401049e+03
-2.34276735e+07  -2.07746399e+04
-2.76017533e+07  -5.46080598e+03
-2.51593962e+07  8.86491906e+03
-1.98601602e+07  8.84259065e+03
7.60258688e+07  6.84571207e+03
-2.84600896e+07  -3.14967042e+04
-2.69974424e+07  -1.22091467e+04
1.02540013e+08  5.78618277e+03
-2.74315423e+07  5.13095648e+02
-2.44940052e+07  6.51178439e+03
-8.59328326e+06  4.41802101e+03
4.10976128e+07  6.22559239e+03
-1.65702433e+07  -3.43769332e+03
-2.76220154e+07  -8.58608643e+03
-2.80865064e+07  -7.23043468e+03
-1.45201943e+06  -1.46116432e+04
-2.40258133e+07  1.01210027e+02
-2.96626902e+07  8.06757183e+03
-5.57901236e+06  -6.78772426e+03
-1.99638892e+07  8.47716489e+03
-2.56368852e+07  8.79856392e+03
-2.78619664e+07  -6.33844321e+03
-2.92840954e+07  -1.33011942e+04
-2.29104102e+07  8.96947380e+03
5.11267355e+04  3.85013097e+03
-1.76156334e+07  -1.58381329e+04
5.27093377e+06  7.39793540e+03
-2.89635603e+07  5.25797080e+03
-2.78361164e+07  -1.55442013e+04
-2.69761554e+07  -1.49790072e+04
1.50312867e+07  1.57367656e+03
-2.51449752e+07  8.76885091e+03
-2.30135053e+07  2.76725357e+03
2.04147987e+07  2.04751906e+03
-5.26511323e+06  8.18259783e+03
-1.91547634e+07  -1.40915741e+04
9.24698773e+05  8.12059561e+03
1.19137965e+08  -1.83657966e+04
-2.85692043e+07  3.37707713e+03
3.05143088e+07  6.33616268e+03
-2.04262722e+07  8.49070694e+03
-2.03766962e+07  8.74784932e+03
-2.48053396e+07  -2.87229910e+04
1.24531965e+07  -1.98685898e+04
-2.90464873e+07  -5.07706382e+02
-2.76807472e+07  6.28846150e+03
