252.61 15.58 24453903.00 
4801.32 22.25 2365659.00 
3777.57 30.15 24666332.00 
1787.84 17.64 8534451.00 
7153.05 13.41 23160006.00 
24078.89 12.85 12090256.00 
30907.83 15.25 1270082.00 
21883.01 25.62 600726.00 
766.00 29.20 107394616.00 
25097.05 12.98 1725565.00 
375.50 24.74 6590025.00 
1302.83 25.67 6424149.00 
6550.04 22.96 1869310.00 
12399.12 7.38 1202073.00 
7661.77 22.24 136913060.00 
8790.21 12.69 4475.00 
693.86 19.97 10338517.00 
115.78 11.93 6287323.00 
1559.54 22.34 9806492.00 
868.44 13.09 13107838.00 
25017.61 12.19 19348589.00 
468.95 11.20 7896728.00 
9698.42 24.11 10180603.00 
6246.85 33.46 769376192.00 
5089.01 23.99 32893264.00 
-64.82 25.11 580344.00 
1582.15 11.97 3063095.00 
7415.77 22.47 3296612.00 
142.67 20.54 15454990.00 
11554.47 16.32 631713.00 
3770.07 20.06 5557209.00 
855.00 18.75 14316678.00 
-369.72 9.05 52772499.00 
25637.01 7.48 1181103.00 
-529.40 21.39 444649.00 
3890.90 27.60 10469557.00 
2983.47 27.80 5067375.00 
14620.40 16.22 348275.00 
220.51 24.33 3608196.00 
399.76 21.75 57742680.00 
27056.77 14.03 1197449.00 
23162.09 15.13 19124436.00 
8909.18 24.20 1065922.00 
26185.61 13.10 13493664.00 
417.17 13.63 17900105.00 
24963.89 14.10 3076414.00 
2812.82 28.81 9795265.00 
438.61 23.15 7586853.00 
173.77 15.74 925494.00 
-586.00 24.66 5556261.00 
1439.19 31.05 6165136.00 
12932.63 11.02 507915.00 
30314.14 10.80 158763.00 
2039.00 26.60 760368320.00 
2955.26 34.09 145609000.00 
-94.93 27.24 22921197.00 
33464.29 15.16 1196808.00 
21577.46 16.34 5010391.00 
23034.16 15.93 10727320.00 
4539.98 14.75 1395929.00 
3567.10 30.27 5614505.00 
501.82 12.58 30239820.00 
-62710.32 22.88 2444602.00 
7204.92 17.37 2566221.00 
1232.68 3.93 1265519.00 
-95.65 22.19 2489252.00 
9808.77 32.11 5183988.00 
61442.74 14.14 188581.00 
-325.19 24.38 15067493.00 
457.44 17.09 10781235.00 
11026.89 26.96 18677589.00 
667.55 13.12 8598148.00 
1114.99 15.26 2351187.00 
8688.22 27.11 80659164.00 
392.91 17.41 13857348.00 
751.26 27.37 28345092.00 
2623.19 20.52 1589332.00 
648.15 31.00 20433399.00 
29570.60 8.51 6381002.00 
14293.54 11.14 2206922.00 
-53.70 31.73 4649279.00 
-78.06 14.28 9948515.00 
1074.06 12.23 105834544.00 
40337.00 8.13 1348586.00 
21036.56 38.80 2811233.00 
1900.00 20.71 132348688.00 
8318.14 21.86 2377133.00 
2293.57 9.31 5314670.00 
4247.25 29.96 21215392.00 
2001.90 25.14 70906288.00 
12173.24 16.03 13238432.00 
17419.00 20.05 2186660.00 
16067.44 16.41 1722169.00 
23214.00 33.29 28356656.00 
8700.02 12.61 5782862.00 
783.32 19.81 145985.00 
15426.44 33.91 24229663.00 
288.28 17.59 9844786.00 
16.86 15.83 4171790.00 
15173.47 13.57 1946709.00 
22148.75 13.66 524580.00 
-178.07 17.48 6898265.00 
4738.98 7.62 29859802.00 
24582.89 19.42 12193042.00 
1145.19 17.01 35079609.00 
3586.76 5.06 845115.00 
24379.00 9.60 1972559.00 
23806.23 13.19 2832520.00 
6883.46 17.74 44839962.00 
42.24 22.15 4663700.00 
6025.06 30.13 6795170.00 
6362.19 29.70 50223474.00 
453.35 13.49 24543562.00 
22849.89 11.20 10653912.00 
460.82 15.09 30733374.00 
25905.75 11.05 148946640.00 
5464.18 10.27 1239471.00 
1984.57 34.83 60322984.00 
278.81 4.04 9382403.00 
21.23 -3.37 9431979.00 
37531.09 22.61 5003336.00 
28348.44 21.82 42261872.00 
9353.17 24.09 762188.00 
2544.97 25.24 2127928.00 
