6.75 0.36 848452.00 
432.79 0.12 19255.00 
134.21 0.24 406420.00 
473.28 0.52 287070.00 
730.38 0.18 375420.00 
155.56 -0.10 166680.00 
683.81 0.21 5750.00 
1218.34 0.16 9733.00 
57.00 0.47 3098560.00 
42.47 0.29 11725.00 
30.92 0.44 216627.00 
153.27 0.33 128664.00 
372.41 0.14 38112.00 
229.36 1.01 -738.00 
376.34 0.25 1897952.00 
434.18 0.37 -60183.00 
33.64 0.32 435136.00 
10.90 0.45 300500.00 
84.19 0.56 255784.00 
1.65 0.23 358636.00 
-274.98 0.15 289124.00 
-47.89 0.15 302349.00 
349.81 0.11 147795.00 
551.42 0.18 8173056.00 
86.73 0.24 630712.00 
-11.43 0.42 20321.00 
92.86 0.13 102708.00 
75.63 0.12 58064.00 
-9.88 0.50 359652.00 
345.31 0.24 -1769.00 
383.07 0.21 32019.00 
51.00 0.19 177364.00 
10.40 0.05 1997552.00 
-488.02 -0.03 16603.00 
66.74 0.34 9847.00 
387.10 0.14 171970.00 
100.44 0.24 117443.00 
1054.60 0.36 11138.00 
-78.51 0.41 121890.00 
58.27 0.47 1742200.00 
236.71 0.17 6289.00 
-68.39 0.11 196056.00 
154.70 0.39 29282.00 
442.71 0.08 -31440.00 
60.26 0.11 463322.00 
495.55 0.21 16526.00 
38.88 0.22 278719.00 
15.30 0.53 263623.00 
6.98 0.33 30401.00 
-11.76 0.25 201599.00 
66.05 0.22 155564.00 
152.37 0.03 -25193.00 
-4.53 0.54 2436.00 
144.00 0.33 14972032.00 
164.26 0.36 2586992.00 
212.62 0.02 721542.00 
-1967.52 0.28 47033.00 
447.31 0.38 73710.00 
-588.86 0.13 -2412.00 
-104.09 0.21 21412.00 
257.64 0.24 145484.00 
-3.83 0.67 918980.00 
1008.23 0.13 91240.00 
838.13 0.20 46189.00 
38.56 0.28 -9900.00 
61.59 0.41 138541.00 
162.48 0.23 136665.00 
-1287.69 0.20 5784.00 
44.35 0.47 589870.00 
55.08 0.75 320194.00 
359.31 0.21 438142.00 
27.74 0.37 328511.00 
22.45 0.18 94875.00 
77.36 0.24 1254512.00 
37.85 0.14 251530.00 
41.28 0.44 371124.00 
72.73 0.76 8847.00 
49.06 0.43 617324.00 
533.99 0.20 74700.00 
-269.97 0.15 38540.00 
13.08 0.38 105230.00 
37.91 0.56 377814.00 
64.08 0.22 3252064.00 
208.00 0.06 16531.00 
1549.64 0.24 104543.00 
7.00 0.32 3460272.00 
865.67 0.15 50520.00 
156.66 0.20 162822.00 
594.99 0.24 366836.00 
58.14 0.25 1604168.00 
770.34 0.16 -17544.00 
-26.85 -0.35 34074.00 
-45.72 0.12 14678.00 
465.00 0.24 188052.00 
836.11 0.23 -29194.00 
65.92 0.23 6322.00 
379.55 0.22 560378.00 
-1.19 0.27 280750.00 
24.51 0.35 142055.00 
1131.19 0.36 7905.00 
864.55 0.26 -1534.00 
3.51 0.16 261134.00 
175.61 0.06 -211712.00 
-268.16 0.19 42860.00 
108.28 0.31 1061484.00 
93.23 0.46 -4252.00 
-166.00 -0.11 14301.00 
615.79 -0.04 26859.00 
117.61 0.18 425148.00 
-6.76 0.39 157094.00 
257.06 0.17 101982.00 
-38.28 0.16 734160.00 
54.69 0.79 1044134.00 
-34.16 0.16 167672.00 
59.73 0.67 718636.00 
-209.73 0.18 2684704.00 
847.68 0.19 15035.00 
120.64 0.21 854208.00 
48.86 0.93 247368.00 
-72.18 1.13 71777.00 
530.60 0.11 38224.00 
-361.58 -0.06 -42248.00 
363.17 0.00 9899.00 
225.35 0.37 42738.00 
